1.54427014391789 10.0122461653583
2.14220467428752 17.8224730193206
2.2473615677978 27.6431435746966
2.15502047590526 35.5407136013126
2.39048394209458 45.5394484588479
1.7070737684098 54.7508262774352
2.42564124349209 63.1831051002336
2.14214747388159 73.3769039836156
2.25802780343687 81.1497919294075
2.37382860296129 90.8249545730417
1.55242095972451 98.2962183363342
2.48690740244874 108.834166908129
1.3917895664858 117.86786995396
1.3247834637558 119.174688049636
2.28295340799049 126.36016130554
2.37614073559015 136.411973965873
2.11030616148373 144.470250985374
2.36334112066327 154.289500543643
1.81742973441816 164.039058029364
2.48778720783731 171.933530239051
1.6754665797211 181.887318104105
1.97284367707009 190.077218251268
2.46639210666493 199.642025134911
1.80711672893085 207.305321307433
1.386307127636 210.060916932236
2.4198375332807 217.543510341382
1.68097490826182 226.872560519477
2.34557739549417 235.191877529143
2.39438750736478 245.280006345401
1.56708013339352 253.209250163017
2.34634878214129 262.79575566646
1.63751056501962 272.758302583149
2.4998067448294 280.787792515962
2.09347138889454 290.610093873249
1.79202108741334 298.449063422372
2.47006093229173 308.448440318677
1.8382383411585 316.54436897874
1.34068116819353 319.263949721168
2.3866375914452 326.227741173814
2.13813725099278 335.88849247202
2.30936845486553 343.89437607188
2.25831214295652 354.092178153877
1.79755327599313 362.098946776431
2.51602126598529 371.600589293602
1.72188595841125 381.789236143806
2.35312866006783 389.637677985539
2.11100163682895 399.25111168076
2.10376956399281 407.024034534225
2.49571161196114 417.177122984795
1.60676793191414 425.930099764951
2.34084610219262 434.929786415561
2.17662948674565 444.956115481633
2.36089906282798 452.742201976607
2.1878139641625 462.650252891731
1.49521927459797 471.529308053058
2.53959195049052 480.41610114054
1.31490897181626 488.011106140361
1.7575198134472 490.497419017757
2.21340047310948 498.184250862259
