1.54427014391789 10.0122461653583
2.14220467428752 17.8224730193206
2.2473615677978 27.6431435746966
2.15502047590526 35.5407136013126
2.39048394209458 45.5394484588479
1.7070737684098 54.7508262774352
2.42564124349209 63.1831051002336
2.14214747388159 73.3769039836156
2.25802780343687 81.1497919294075
2.37382860296129 90.8249545730417
1.55242095972451 98.2962183363342
2.48690740244874 108.834166908129
1.3917895664858 117.86786995396
1.3247834637558 119.174688049636
2.28295340799049 126.36016130554
2.37614073559015 136.411973965873
2.11030616148373 144.470250985374
2.36334112066327 154.289500543643
1.81742973441816 164.039058029364
2.48778720783731 171.933530239051
1.6754665797211 181.887318104105
1.97284367707009 190.077218251268
2.46639210666493 199.642025134911
1.80711672893085 207.305321307433
1.386307127636 210.060916932236
2.4198375332807 217.543510341382
1.68097490826182 226.872560519477
2.34557739549417 235.191877529143
2.39438750736478 245.280006345401
1.56708013339352 253.209250163017
2.34634878214129 262.79575566646
1.63751056501962 272.758302583149
2.4998067448294 280.787792515962
2.09347138889454 290.610093873249
1.79202108741334 298.449063422372
2.47006093229173 308.448440318677
1.8382383411585 316.54436897874
1.34068116819353 319.263949721168
2.3866375914452 326.227741173814
2.13813725099278 335.88849247202
2.30936845486553 343.89437607188
2.25831214295652 354.092178153877
1.79755327599313 362.098946776431
2.51602126598529 371.600589293602
1.72188595841125 381.789236143806
2.35312866006783 389.637677985539
2.11100163682895 399.25111168076
2.10376956399281 407.024034534225
2.49571161196114 417.177122984795
1.60676793191414 425.930099764951
2.34084610219262 434.929786415561
2.17662948674565 444.956115481633
2.36089906282798 452.742201976607
2.1878139641625 462.650252891731
1.49521927459797 471.529308053058
2.53959195049052 480.41610114054
1.31490897181626 488.011106140361
1.7575198134472 490.497419017757
2.21340047310948 498.184250862259
2.28468404512364 507.957551419462
2.08490673226946 516.027124674512
2.46240693551485 526.041961765394
1.42317507031829 534.93242541748
2.40837357069601 543.532051858556
2.03224233971995 553.702977319951
2.28484406220398 561.586023363734
2.3676591337415 571.300742428559
1.69899783650858 578.753709577818
1.50412196996191 581.01298153066
2.49621199154825 589.209709795717
1.54417910446416 597.833933843456
1.47215156665007 599.671943683232
2.22066657754512 606.956942078062
2.41665733372575 616.824907340633
1.97844762138253 624.76216355824
2.30929944130701 634.68475046127
1.61725889888213 644.249795725615
2.5232609614658 652.353296052844
2.06164099001626 662.458467429399
1.95174647301667 670.512615877842
2.35294873359452 680.076449861384
1.72138916838032 687.796199563777
1.34633849045017 690.631960941057
2.48565098484373 697.949219139685
1.96377948042924 707.40863932347
2.23648144806991 715.553652545321
2.40958791146438 725.695382315306
2.03711009683217 733.628205479516
2.36349353464989 743.263947256428
1.34811423479101 749.974947048847
1.59056281937137 753.135957233595
2.46496883541311 761.22095220114
2.01376571124823 771.215988904044
1.96655350866959 778.774364941013
2.50079619613487 788.787852137846
1.6870210612887 796.80896269274
2.40579313700572 806.754444200438
2.03599601969911 816.383493357003
2.29070914701683 824.268379142762
2.24077304473138 834.431813725127
1.88518984200994 842.723221455204
2.48937480024549 852.035629818813
1.36865901095111 859.627995924472
1.97953221331919 862.092364615788
2.39309127170212 869.946820217799
1.97505803687423 879.674433855704
1.98671084192311 887.605045975368
2.52754260863943 897.638305137848
1.42051027657518 906.503517356217
2.24200206705164 915.329026556484
2.10427681148898 925.270171603012
2.39745665276898 933.156625938863
2.32889009989305 943.107451025847
1.46678558122228 951.857182957358
2.4840274748547 960.798489500332
1.76302924101258 971.224405600501
2.28192780346667 978.699618202298
2.30080830732031 988.351705147385
1.95351876148205 996.239880598884
2.47043624976646 1006.46147202726
1.42189982680806 1014.45755855053
2.43618657225711 1023.9956128865
2.16279769411616 1034.01572618947
2.22702169830829 1042.06900246009
2.23243712708676 1051.80139765238
1.53685349602777 1059.15826024462
1.26927135049041 1061.70831793798
2.5369594506663 1069.55341914573
1.30112386225409 1078.20885806245
1.33335553430882 1079.73597087139
2.20174977959768 1087.46786317799
2.40735149941526 1097.28632196141
2.09997177200418 1105.0646147922
2.31716248226402 1115.11471580473
1.8275121133317 1124.25950620079
2.46518618379577 1132.78219442702
2.16757541823934 1142.89602333244
2.06952466240387 1150.74108967013
2.36456928465084 1160.42656563409
1.59450923170684 1168.48990186589
1.46912673922773 1170.91144680061
2.53243522226653 1178.40788709237
1.81750376504403 1188.01171099968
2.15644067413105 1195.86650511527
2.3579518133798 1206.04329363166
2.04020196216534 1214.06265244611
2.39972774004322 1223.79156824433
1.90627995922059 1233.50547993437
2.44860759614397 1241.59373381346
2.00658889842158 1251.77666163741
1.98523957365099 1259.47390552372
2.50960347715416 1269.18393735708
1.51550926442072 1276.75698106482
2.35165391175098 1287.16097809649
1.91447030697849 1296.84099734502
2.34296744105133 1304.71115229134
2.39297995890019 1314.84052197986
1.90939656712542 1323.13007655462
2.38511258646251 1332.4941767802
1.35821945187567 1339.89831156817
1.86670916676681 1342.53895935495
2.44951163502407 1350.3295926789
2.08094065507072 1359.9919746966
1.74080167476981 1368.02259808804
2.52665160363012 1378.06747858869
1.64237349785899 1386.13780668424
1.49817322389575 1388.46198938182
2.30221801029958 1395.77366877919
2.07689929961404 1405.54151115296
2.30141161430073 1413.56602737781
2.34882247165124 1423.59358538399
1.46800055233242 1431.01343704945
1.5065088669255 1432.69108459898
2.49315642834038 1441.15142543644
1.65768062124741 1451.49611087208
2.38617254212155 1459.21665752985
2.24088472714139 1468.86430536681
1.95095305313384 1476.60500168974
2.4480396339929 1486.82562160705
1.57815158939052 1495.22650122637
2.40494676668527 1504.44198839998
2.28439067400779 1514.4475601631
2.2174506816544 1522.36749146294
2.17685945818167 1532.29266999024
1.45088452702893 1540.75139686673
2.55853023523535 1549.99372763958
1.5440516872698 1559.97611596524
2.10171959765245 1567.87122686019
2.32903994570239 1577.62442554692
2.1569064062353 1585.48958389151
2.44770187241508 1595.54650890491
1.7821826297168 1604.70869902144
2.35942658029125 1613.19992567105
2.20141021638379 1623.39779769839
2.15763374004687 1631.16276704016
2.3928280472521 1640.82878842668
1.4032199240093 1648.24299520692
1.34476157969213 1650.72426537581
2.52900877947523 1658.82082594521
1.71181985691336 1668.73466424588
2.17533251275152 1676.39118258878
2.36798232816289 1686.40766898339
1.99699073954984 1694.55803066581
2.33850802757442 1704.31181730771
1.89990615601447 1713.94511664253
2.47798678566549 1721.91313915192
2.05635548326456 1732.01684538726
1.99392648796986 1740.02077118145
2.48921113752204 1749.65198313456
1.53614048173413 1757.17586132933
1.32193066897773 1760.0021706195
2.38163182774191 1767.55880223244
1.83911468724961 1776.87880464302
2.26699621478273 1785.18508557959
2.45947292215619 1795.25131419923
1.83846390421581 1803.21331041188
2.33683958937711 1812.88360465041
1.81117090367514 1822.93065692894
2.47627158094675 1830.78598082017
2.05352253799598 1840.61482045312
1.72088029083842 1848.00485509198
1.55260482856921 1849.36830111101
2.48386589452491 1858.42797901718
1.69483676164767 1866.42792476477
1.50371246592181 1869.05170794778
2.40760689094361 1876.2441996254
2.19735620651364 1885.96966573091
2.25863708369676 1893.93577651286
2.31224027123095 1904.09106027298
1.64515833290106 1912.23410507338
2.48154795092816 1921.56228545256
1.81791449182666 1931.57653829747
2.35609747650675 1939.63034087107
2.18381149345481 1949.37418778047
2.00039574098729 1957.08420671456
1.2862763808983 1959.44047212856
2.52506799212047 1967.20099752403
1.72103338721206 1975.93078052318
2.27879630746512 1984.93951037371
2.21859622020609 1994.86668139967
2.27511482335007 2002.68494483923
2.22455972080801 2012.64098533917
2.54691512407168 2030.42914586424
1.37477657302982 2038.26378401991
1.90441224912135 2040.54542364448
2.16951693301336 2048.27786894647
2.2906604244306 2057.95287502557
1.95718423285544 2065.90286779756
2.48988754866968 2076.00638926206
1.50981478700353 2085.24032896855
2.37512070131176 2093.55131279719
2.19971285483732 2103.76338294916
2.27878040758246 2111.64476790148
2.35897864981232 2121.34040002292
1.53549982953049 2128.53588324662
1.59479164604349 2131.0297715136
2.47042629457695 2139.18026875724
1.29100979765925 2148.65832318513
2.18201842827384 2156.92840839738
2.45430771228318 2166.81378279881
1.90123057733609 2174.79585647025
2.35930336598952 2184.78054261161
1.41551467512655 2194.41756006716
2.48589885823495 2202.33449707359
2.15192678283597 2212.3983442964
1.8311610430702 2220.48694667303
2.40864992364608 2230.05375044082
1.67885291715043 2237.78178613486
1.62346261851939 2240.35224843349
2.48373848309695 2247.97393937164
1.81232411052036 2257.47865126561
2.08560920764947 2265.65472006907
2.43819483596923 2275.69462285765
1.90418140775135 2283.56021084776
2.37499198566662 2293.26336624796
1.86179843955138 2303.01050992094
2.46533319041309 2311.19343330061
2.15464749734194 2321.25894767223
1.71101480578754 2328.8840615623
2.47885466301163 2338.79226373867
1.55917475753832 2347.05747525433
2.40057599135555 2356.74882361916
2.19844530262132 2366.38061351257
2.25957167674019 2374.23795729634
2.34569180578549 2384.42957690808
1.91015721605959 2392.69397197636
2.45533187404239 2402.0661718331
1.2912951326234 2408.97194788704
1.9567230296013 2412.13580113064
2.34164764806625 2419.98315303486
1.9911225001582 2429.72220373477
1.92523850457936 2437.5030498849
2.56790252416476 2447.60715500183
1.28687262011857 2457.09923909437
2.21254532759598 2465.38608310057
2.14211786260061 2475.27736860463
2.30681259973144 2483.17290103556
2.3201969116737 2493.11881974438
1.61844304246833 2502.14229579345
2.48816668208213 2510.79374548228
1.95513509145219 2521.01492824608
2.32899337610249 2528.69237444252
2.30720415232067 2538.39362021419
1.72178772142778 2546.22184942514
2.48250600849569 2556.47680370359
1.49819362279949 2565.15520474914
2.35888156364558 2573.96194539554
2.26125080601832 2584.00577063251
2.22466024276919 2592.04689665496
2.33093378660997 2601.82270117052
1.43537792446147 2609.26214446207
1.54014764268936 2611.66153182542
2.51756828810255 2619.55556570604
1.43012258230687 2628.86968997521
1.53605730276937 2630.16797334677
2.10586635000159 2637.53035759086
2.41969396345905 2647.26062676745
2.03072267183488 2655.00419975615
2.39483619941413 2665.13233750952
1.67107779864755 2674.4920109083
2.45059480817613 2682.79593708411
2.27655584695964 2692.89483135191
1.92558516765522 2700.91531463388
2.31527759110151 2710.40013753609
1.45193713891056 2720.82526700172
2.52964028465867 2728.38923150909
1.90663826810583 2738.08258245112
2.10383882492034 2745.96252696891
2.42033644273443 2756.07690501011
1.98855394797039 2764.03326010657
2.37881141198108 2773.8052786192
1.26885257207149 2780.45066100906
1.97698612889966 2783.38532142863
2.39202847622588 2791.55585147941
2.11724989162229 2801.6901459751
1.92709350158548 2809.52034621285
2.53141123470558 2819.1986543674
1.41574021564518 2827.25257057099
1.49537280238026 2829.38240119192
2.38398131114332 2837.2156332105
1.95194607913691 2846.84498035215
2.24359899703983 2854.66006221387
2.39792761236893 2864.80563740259
1.74288126590972 2873.2911686878
2.38808955885155 2882.52075060178
2.03898297804135 2892.56155304645
2.43872389287159 2900.34488579389
2.0535103653466 2910.13677326761
1.52054384528586 2918.42928183076
2.53239297972694 2928.02846316282
1.32414130232325 2935.80363071092
2.26284367504647 2945.75151850695
2.17718513614954 2955.56226707523
2.29294152852665 2963.59251679414
2.42102572702785 2973.64135448305
1.27666482650768 2982.82094518973
2.45109416161877 2991.16903146422
1.68710083982005 3001.48556770827
2.3349815766076 3009.19083701613
2.30490260674641 3018.84813656557
1.85615410126006 3026.47186909731
2.48527698110224 3036.83176643016
1.73801766369234 3045.23583729429
1.37631915177744 3047.13996406655
2.34594850012519 3054.48429716901
2.32023314599043 3064.43017932351
2.13082982022108 3072.35227473928
2.21744957641081 3082.26971299608
1.26148804843496 3089.82326655151
1.49279218779376 3091.7297337787
2.56014862978822 3099.97065332422
1.79234939083287 3110.04662765916
2.15608667335605 3118.00018868921
2.33446030441191 3127.68591703456
2.00249272449828 3135.49824755838
1.34471035981757 3138.21168108233
2.45407292841986 3145.54295772376
1.84269583719471 3154.79335811154
2.33996226686265 3163.15661856724
2.29571624139486 3173.33388876306
2.1289220232427 3181.1734178955
2.35687809059002 3190.86497809769
2.51798619619189 3208.84102771269
1.73992522764476 3218.68443580979
2.14234142966982 3226.36178326736
2.43852874683378 3236.38131497298
1.92727458050191 3244.44473183594
2.40321172384368 3254.31751555584
1.92166085940968 3264.02676295893
2.39732312160594 3271.91947212514
2.13865594779719 3282.11065959031
1.97980958511232 3290.15777661637
2.49658361045906 3299.63019477489
1.61110525654606 3307.10191696889
1.68441547280755 3309.62358655637
2.40964274222308 3317.55822232055
1.85407588047682 3327.03104172511
2.18959216142791 3335.20486099948
2.47041481779882 3345.26175453355
1.69461626697655 3353.49456927803
2.29043631589673 3362.89742964743
1.93128488451909 3372.8780234889
2.46860489231506 3380.74530384506
2.22835934718711 3390.641271388
1.52113563283642 3398.07947844592
1.45020262561266 3399.3782192185
2.49401065175857 3408.44004982931
1.59064831823243 3416.55941557725
1.63593061650842 3419.0075081906
2.35109157087283 3426.2964839401
2.19486808868989 3435.91318937859
2.1670816313257 3443.92488872347
2.40125100811864 3454.07065025939
1.57916267757182 3461.94476892868
2.48041966285589 3471.57351034727
1.93810588271283 3481.67471546007
2.31817494894607 3489.65494138775
2.1637059860163 3499.38697304942
1.79668665924459 3506.88332849725
2.52732524742455 3517.17673442572
1.34757083176173 3525.94413512623
2.31304809061294 3534.97865603235
2.33105602522531 3544.86991768371
2.24494703644175 3552.71468582582
2.22448241291111 3562.70939114249
1.68027800445341 3571.56881099441
2.51201592458581 3580.41118383568
1.99484631919856 3590.5126158891
2.13279176249404 3598.28856744129
2.33123013379447 3608.02374837911
1.91841737600025 3615.94545765591
1.2629555254689 3618.7703392549
2.5255279277619 3626.00922756111
1.68441387469135 3635.20849091943
2.25775633810253 3643.5232896884
2.20791332987789 3653.70074548897
2.20678304219675 3661.62003063612
2.37707031333539 3671.34422477749
1.78573631372851 3681.11319574902
2.50291107643543 3689.20073254535
1.81504387408017 3699.39093817528
2.11290363517755 3706.97030672648
2.46345937320442 3716.79948168237
1.5130361775434 3724.43049488786
1.35816882055607 3725.2255773059
2.35308446984521 3734.77100342665
1.70598311424582 3744.42535622092
2.45341784383064 3752.33133624789
2.26109451510716 3762.43777537761
2.00253566363468 3770.58358453821
2.39048143319527 3780.08054426963
1.56785357521302 3787.65979258225
1.57462582576712 3790.17678552927
2.4484795280365 3797.94496589602
1.98533518649217 3807.43255052196
2.02510709537982 3815.60956458809
2.50349838949503 3825.68225539151
1.88320413750182 3833.6084805364
2.35548283660578 3843.34694113796
1.88882866102216 3853.13279017542
2.42243770704383 3861.18761312987
2.19340099288804 3871.1981652898
1.51199274120437 3878.67958668432
2.47928481936142 3888.76899393204
1.42442075206162 3896.94843754757
1.48300452717317 3899.25200366697
2.42682799309213 3906.78803873783
2.18546455053421 3916.4494117115
2.14406492082561 3924.24684423576
2.38112800775428 3934.44577285532
1.74403981914461 3942.87794954074
2.45714452386915 3952.02604308615
1.29252703785484 3959.03388783453
2.08733221308014 3962.03034803854
2.32115459204273 3969.97582884529
2.10712375345128 3979.87108296898
1.7868948412245 3987.75270639512
2.5626161919836 3997.61163191483
1.3016750873254 4007.34681391826
2.15794381655508 4015.43380634119
2.24127681141195 4025.21956731474
2.26174470418821 4033.09723601859
2.38092743142185 4043.14180453098
1.68599824882618 4052.06150423528
2.45938809707084 4060.82596464507
2.07366303836017 4071.08589980283
2.26076976810054 4078.72174580139
2.33467958642159 4088.37627407877
1.7622720333721 4096.12126974035
2.51224879483953 4106.4339206264
1.51150802051877 4116.11096369111
2.30171841803838 4123.99173775919
2.27777878765257 4134.03927124975
2.19942466698401 4142.11270640817
2.34252033139433 4151.87800260702
1.42005360893659 4159.01742137597
1.67696757756254 4161.497291424
2.51693155386923 4169.53174167681
1.69062970597779 4179.65621930976
2.11555742293582 4187.51067612058
2.45385533480001 4197.26118813139
1.79570778664855 4204.98742457788
1.32480667578595 4207.77265073248
2.36869657534178 4215.19187941801
1.69700069786037 4224.4229850711
2.38203362722061 4232.77785877642
2.35475553383486 4242.83987270043
1.92065370992211 4250.77272512155
2.35479613297347 4260.44327536233
1.54207518289771 4270.68577749802
2.52668503811712 4278.39501352484
1.77841550438991 4288.18296853631
1.83476827896113 4295.94007958156
2.44203172950292 4306.06869555088
1.92439942614345 4314.00676981991
2.41040001084592 4323.80259423057
2.08121074743408 4333.48898821517
2.36083076562863 4341.57395579772
2.20789652601803 4351.7208517644
1.80093133339621 4359.73837553662
2.48816040737474 4369.1775107191
2.40170930247262 4387.19964160504
2.09330734478603 4396.89269349674
2.22730476366957 4404.65563773544
2.46821254075359 4414.81583104719
1.77063381160035 4423.28520142162
2.33821708063207 4432.54150784298
2.09092312344931 4442.50652118849
2.36189145667999 4450.33420194838
2.13101083227976 4460.16494171822
1.63301160206698 4468.40433343973
2.56673923291176 4478.03204955362
1.46706385654967 4485.86881417344
1.63633807461987 4488.19384062343
2.230966818071 4495.82994389019
2.13519817280402 4505.54204992706
2.17128478655568 4513.55896243384
2.42863226684113 4523.62516527038
1.63487822512723 4532.61786393817
2.43923075787791 4541.16978920011
2.04102046396116 4551.37165634727
2.35855233380369 4559.20053306523
2.32976662472724 4568.8834603211
1.59750485604177 4576.29683418009
2.47181597408348 4586.82110500341
1.52717660498416 4595.51030025165
1.32329584263798 4597.32283224433
2.29482185702889 4604.47877634943
2.37645011014892 4614.42850661702
2.13807983307613 4622.36548508085
2.32878480474368 4632.36951696612
2.52765561092156 4649.95454176782
1.78533904366207 4659.94279068586
1.99132360307927 4668.10182998183
2.37434548423178 4677.64678940663
1.90885817148721 4685.45510482112
1.3804068275389 4687.98128645262
2.48087305810176 4695.55433625358
1.69087871186756 4704.953025384
2.29700576971131 4713.22738569876
2.34799103269523 4723.32364502233
2.02305295135729 4731.14456944015
2.34272963017683 4740.85015943166
1.33383239698355 4747.91984352242
1.65012122414498 4750.47363500601
2.52159507438961 4758.81948380045
1.99235111530706 4768.82406408709
1.98585242908765 4776.47987534162
2.45112389704691 4786.41094355662
1.82998182755929 4794.56587848495
1.28569945963955 4797.34228565621
2.38845391117508 4804.32309772127
2.06024107955899 4813.91410793512
2.35911030074117 4821.86396680662
2.21229862163846 4832.07918601489
1.97619029821438 4840.12833351423
2.49314931925806 4849.66415658799
1.28820648820598 4857.0866335843
1.73563724777066 4859.72522131602
2.40161967739845 4867.59586276109
1.85149656651744 4877.17833691674
2.11123226670104 4885.12860773683
2.51537385888715 4895.2093300024
1.58227858612835 4903.53182762802
2.28180746215654 4912.95666258707
2.04832371384687 4922.96497447354
2.42042952017375 4930.77255762671
2.21331096680673 4940.70597810536
1.57760802302974 4949.53077381692
2.49618874841438 4958.41488594816
1.55519565389333 4966.09644305175
1.5466103714417 4968.88501255179
2.3596750943759 4976.2711236194
2.23715733987192 4985.94120726621
2.07096264243065 4993.9646744143
